nCores=24, k=324, alpha=0.05, delta=0.10, n0=10, bSize=10, seed=14850
Initialization
Initial screening: 324 systems left
26.01670572851078
[ 6.73387438  8.09300676  7.65642607  8.70700716  8.27783913  9.02592206
  9.22730516  9.25100654  9.28417572  8.93748009  9.87068103 10.11909853
  9.8139296   9.91515607 10.30842584 10.40333372 11.19864336 10.25132544
  8.6533288   9.83154789  9.46092913 10.34891606  9.91626456 11.22929583
 10.18916231  9.91106271 10.02390555 10.45811095 10.4763366   9.77842577
 10.50697225 10.55291803 10.04682105 10.11324826 10.47439297 10.20652055
 10.41066375  9.96549233  9.82384567 10.11060709 10.42239594 10.27737843
 10.31866223 10.71599888 10.14399671  9.87933232 10.72439947  9.8185696
 10.22929962  9.8870587  10.49136879  9.69329235 10.13004515  9.91623578
  9.36506316 10.69896298 11.07792607 10.12772312  9.96326738 10.20644685
 10.5914422  10.3384791  10.62357037  9.60056656  8.93402873  8.6250123
  9.08008265  9.93446372  9.44063103  9.04716712  9.01003055  9.49739839
  8.37717969  9.89395143 10.25550967  9.92366394 10.11239174 10.32327136
 10.55151258  8.99375768  9.37625908 13.22846332 15.3353435  17.70903057
 17.34151736 17.38323467 16.98549886 18.43611568 20.07812119 18.46010611
 15.26261724 17.55046179 20.04056628 19.48758918 19.97670356 20.37726467
 20.17507671 20.95940446 18.54354963 16.43331855 18.70401687 18.45126057
 19.24413664 21.00035355 20.2823538  21.25292631 20.13562458 19.01757841
 18.37151001 19.51610083 19.34159634 19.32534907 19.95678057 20.75013023
 20.91314939 20.79742934 19.41804775 18.37604039 17.97985404 18.42555519
 18.8677058  18.38886425 19.49206146 18.79118553 18.99014259 17.6786449
 10.41215675 10.16837806 10.54303893 10.78124987  9.76387119 10.52350005
  9.92896472 10.33345373  9.79644375  9.25243143  9.81370787 10.98527852
 10.65592663 10.4371532  10.0481526  11.50939962 10.275705   10.1586749
 15.23281996 16.9708363  17.13167872 18.68328398 21.25569691 19.87858587
 19.4547401  17.96595004 18.50654847 20.47973562 22.80064692 23.8058756
 24.14126305 25.27403837 24.72891159 24.9475482  24.99761708 23.32835702
 21.74293855 25.20907045 26.31490168 26.77568786 26.01670573 25.85359924
 26.03514045 25.9238518  22.24892375 20.55449427 19.39740889 20.97277324
 19.24903314 19.69681108 19.74954244 20.80909973 20.05287027 18.21021782
  9.53079067 10.04458213 10.46695769 10.43246387  9.83462092 11.33434636
  9.06314853 10.2953043   9.99252356  9.91085651  9.29881356 10.31995702
 10.23486844 10.27256684  9.96421437  9.25866957  9.86541904 10.01222746
 17.33587487 18.26468725 18.30658544 19.77003349 19.0442375  20.24117816
 19.58270067 19.00265761 17.21773007 22.74356476 25.07164507 24.90534827
 26.76132469 26.62031597 24.5701942  25.04887572 22.63701591 21.07575894
 18.74953105 19.64148758 20.43881906 19.65527716 20.40642519 19.93992861
 20.25353956 18.42214936 17.24552751 10.21764432 10.15330969 10.0907062
 10.09665031  9.86534475 10.59999812  9.45553831 10.75341883  9.99708604
  9.88777535 10.76195034  9.70502385 10.82504467 10.29890759 10.48221913
 10.04414836 10.41912385  8.98377329 18.07255594 18.39011737 19.14260798
 19.35323687 18.99602304 20.2736766  18.07817993 18.14264703 16.11609731
 19.89798976 19.12587271 20.55047406 20.68979524 20.11554165 18.32748835
 19.20586931 16.98418252 15.16742209  9.65880118 10.05776282  9.9267332
 11.06215336 10.48775621 10.36579219 10.62470811 10.95069391  9.17409655
  9.9288527  10.37506564 10.31964319  9.71852842 10.17000561  9.7385309
  9.90468735 10.06721939  9.1613032  17.75866947 18.29697269 18.12924291
 17.35213227 16.63925572 16.76588572 16.56339652 14.13505114 13.8369122
 10.76978087  9.86395066  9.69079758 11.06673972 10.24967043  9.45015973
  9.91608361  9.26184707  9.59600803  9.70058773 10.13401146 10.34177874
 10.08308005 10.82964763 10.35209473  9.95244041  9.43120439  9.39332624
 10.67148875 10.56031447 10.92241604 10.34669986 10.39241172  9.28751941
 10.68577885  9.54006328  8.60817055  9.66906856  9.48418441  9.01873156
  8.57314562  8.66697622  8.18100917  8.29094145  7.20942185  6.78160306]
[-1.94204366e+04 -2.00161824e+04 -1.43373484e+04 -2.35499704e+04
 -1.92406697e+04 -1.29417899e+04 -1.40358438e+04 -1.24134127e+04
 -1.54814266e+04 -1.60622918e+04 -2.12002218e+04 -2.06569536e+04
 -1.79072326e+04 -1.14946116e+04 -1.45063489e+04 -1.69307942e+04
 -2.79122328e+04 -2.36279263e+04 -2.19011924e+04 -1.38844452e+04
 -1.23500134e+04 -1.91098558e+04 -1.57982944e+04 -1.32232955e+04
 -1.94475686e+04 -2.23777449e+04 -1.64896096e+04 -1.90647617e+04
 -2.16347167e+04 -1.78196258e+04 -1.95770276e+04 -2.80129605e+04
 -1.46400180e+04 -1.75702136e+04 -1.56521372e+04 -1.52419672e+04
 -9.95678247e+03 -1.20767360e+04 -1.64354750e+04 -1.70971776e+04
 -2.27081223e+04 -2.91555161e+04 -2.44983047e+04 -3.09035892e+04
 -2.07922734e+04 -2.23123593e+04 -1.50971119e+04 -1.51331180e+04
 -2.65344248e+04 -2.98902619e+04 -1.53818078e+04 -1.23098833e+04
 -2.05822780e+04 -2.13772848e+04 -1.71818272e+04 -1.43027063e+04
 -1.60342263e+04 -1.89088012e+04 -2.44281755e+04 -1.53031700e+04
 -1.72975671e+04 -1.62348314e+04 -2.07537780e+04 -1.81882307e+04
 -1.95807624e+04 -2.40865842e+04 -1.67736647e+04 -2.13266159e+04
 -1.26253802e+04 -1.81197074e+04 -2.01476278e+04 -2.46973510e+04
 -1.92377973e+04 -2.59775021e+04 -1.93229704e+04 -2.68309593e+04
 -1.58578868e+04 -1.57706094e+04 -1.38876161e+04 -2.30034947e+04
 -1.18669775e+04 -2.19998268e+04 -1.89801670e+04 -3.15800314e+04
 -2.36597462e+04 -2.77491025e+04 -1.20240006e+04 -2.50234700e+04
 -1.63301772e+04 -2.65687967e+04 -1.57397253e+04 -2.35910610e+04
 -2.62717537e+04 -1.09814123e+04 -4.20438091e+04 -4.90673194e+04
 -2.77137792e+04 -3.65847405e+04 -1.83631588e+04 -2.29411412e+04
 -3.34232089e+04 -2.24926346e+04 -4.75720044e+04 -1.85963826e+04
 -3.88587415e+04 -4.30654135e+04 -2.05753494e+04 -3.21938521e+04
 -3.21295932e+04 -1.43109823e+04 -1.49897101e+04 -3.98304266e+04
 -1.21932883e+04 -2.19064787e+04 -3.70713660e+04 -4.51743029e+04
 -2.22975648e+04 -2.46504501e+04 -1.58120288e+04 -2.76138571e+04
 -1.35929832e+04 -2.91415298e+04 -2.96817715e+04 -5.27008973e+03
 -3.47439127e+04 -2.42724664e+04 -2.99815889e+04 -2.43079885e+04
 -2.32420516e+04 -2.11878092e+04 -1.33110121e+04 -1.69738056e+04
 -8.82768587e+03 -2.26238467e+04 -1.87565704e+04 -2.09459274e+04
 -1.30649299e+04 -1.58914501e+04 -2.61165882e+04 -2.17837015e+04
 -2.19133931e+04 -1.39210688e+04 -1.97842992e+04 -2.22121128e+04
 -1.95865687e+04 -3.14132190e+04 -1.97905816e+04 -1.46257588e+04
 -2.70053822e+04 -3.56369058e+04 -2.62622105e+04 -1.97152791e+04
 -2.79411723e+04 -4.68633610e+04 -1.77692217e+04 -4.14294342e+04
 -9.83003964e+03 -2.78142859e+04 -2.11272274e+04 -1.61849132e+04
 -2.67765431e+04 -2.02560571e+04 -3.46017141e+04 -3.80010807e+04
 -2.73159731e+04 -4.52720721e+04  2.60167057e+01 -4.27273744e+04
 -2.05252565e+04 -2.36129741e+04 -1.01165034e+04 -2.56410014e+04
 -2.57628004e+04 -2.44230200e+04 -1.79109793e+04 -4.28593301e+04
 -2.10180580e+04 -1.99106992e+04 -3.40949544e+04 -2.56259091e+04
 -1.62269055e+04 -2.45453018e+04 -1.83708938e+04 -1.88367821e+04
 -2.20455252e+04 -1.83731761e+04 -1.43393264e+04 -1.39528739e+04
 -1.52127507e+04 -1.63457392e+04 -1.56213467e+04 -2.20422435e+04
 -2.58762812e+04 -2.41454766e+04 -2.65233432e+04 -1.66002970e+04
 -1.90645395e+04 -2.22220090e+04 -3.14560379e+04 -1.48365658e+04
 -3.10835903e+04 -2.41279202e+04 -1.41236944e+04 -1.41019033e+04
 -1.18330072e+04 -2.91505593e+04 -2.50785774e+04 -1.96870596e+04
 -2.95761020e+04 -1.32233410e+04 -4.03140911e+04 -2.20373829e+04
 -3.85036574e+04 -4.73744180e+04 -3.89677286e+04 -2.01533114e+04
 -2.04508051e+04 -2.31197593e+04 -6.11555373e+04 -2.05492336e+04
 -1.38368604e+04 -1.09800444e+04 -2.02135904e+04 -2.23889862e+04
 -2.23143894e+04 -2.22075459e+04 -1.95644856e+04 -2.54864344e+04
 -1.41096312e+04 -1.89738822e+04 -1.73993126e+04 -1.53059788e+04
 -1.36742686e+04 -1.81443078e+04 -2.34077035e+04 -2.29949101e+04
 -1.51258507e+04 -1.06380904e+04 -2.35329984e+04 -1.99608325e+04
 -1.72060886e+04 -2.17981685e+04 -1.81590029e+04 -1.19230799e+04
 -2.41507798e+04 -2.72747538e+04 -3.30567990e+04 -2.74267032e+04
 -3.18445108e+04 -1.74630356e+04 -2.06644580e+04 -2.01279720e+04
 -2.91715992e+04 -2.06136920e+04 -2.25473750e+04 -1.71240011e+04
 -1.75306746e+04 -2.17328216e+04 -3.86778935e+04 -1.78753400e+04
 -1.74560775e+04 -3.03105934e+04 -3.57338414e+04 -2.29552201e+04
 -1.06661630e+04 -1.65157850e+04 -1.44533286e+04 -1.87722092e+04
 -3.19230463e+04 -1.78508094e+04 -2.27211269e+04 -2.83530873e+04
 -1.51240673e+04 -2.15111652e+04 -1.77501918e+04 -1.92894748e+04
 -2.74289232e+04 -2.21776226e+04 -2.03785288e+04 -2.65800018e+04
 -4.65598578e+04 -2.07628815e+04 -2.08141724e+04 -1.62996081e+04
 -9.33375013e+03 -3.00690681e+04 -2.81680093e+04 -2.23547860e+04
 -3.91063389e+04 -1.34163052e+04 -2.51245902e+04 -1.36719357e+04
 -2.80896758e+04 -1.60695814e+04 -1.54597966e+04 -2.03572424e+04
 -1.50534968e+04 -2.08751887e+04 -9.51039530e+03 -1.19639034e+04
 -1.53799350e+04 -2.78595255e+04 -2.49512284e+04 -1.75176990e+04
 -2.01282834e+04 -1.25997990e+04 -2.92632558e+04 -1.90903780e+04
 -1.05607950e+04 -1.65629763e+04 -2.58587866e+04 -2.01010352e+04
 -1.86861467e+04 -1.40575599e+04 -1.90161453e+04 -2.19554348e+04
 -2.03676023e+04 -1.82034212e+04 -1.49015752e+04 -2.01842784e+04
 -1.20474923e+04 -1.54931327e+04 -2.07498321e+04 -1.92653421e+04]
[1.94271705e+04 2.00242754e+04 1.43450048e+04 2.35586774e+04
 1.92489475e+04 1.29508158e+04 1.40450712e+04 1.24226637e+04
 1.54907108e+04 1.60712292e+04 2.12100925e+04 2.06670727e+04
 1.79170465e+04 1.15045267e+04 1.45166573e+04 1.69411975e+04
 2.79234315e+04 2.36381776e+04 2.19098457e+04 1.38942767e+04
 1.23594743e+04 1.91202048e+04 1.58082106e+04 1.32345248e+04
 1.94577577e+04 2.23876560e+04 1.64996335e+04 1.90752198e+04
 2.16451930e+04 1.78294043e+04 1.95875346e+04 2.80235134e+04
 1.46500648e+04 1.75803269e+04 1.56626116e+04 1.52521737e+04
 9.96719313e+03 1.20867015e+04 1.64452988e+04 1.71072882e+04
 2.27185447e+04 2.91657935e+04 2.45086234e+04 3.09143052e+04
 2.08024174e+04 2.23222386e+04 1.51078363e+04 1.51429366e+04
 2.65446541e+04 2.99001489e+04 1.53922992e+04 1.23195766e+04
 2.05924080e+04 2.13872011e+04 1.71911922e+04 1.43134052e+04
 1.60453043e+04 1.89189289e+04 2.44381387e+04 1.53133764e+04
 1.73081585e+04 1.62451698e+04 2.07644016e+04 1.81978313e+04
 1.95896964e+04 2.40952092e+04 1.67827448e+04 2.13365503e+04
 1.26348208e+04 1.81287545e+04 2.01566378e+04 2.47068484e+04
 1.92461745e+04 2.59873961e+04 1.93332259e+04 2.68408830e+04
 1.58679992e+04 1.57809327e+04 1.38981677e+04 2.30124885e+04
 1.18763537e+04 2.20130552e+04 1.89955024e+04 3.15977404e+04
 2.36770877e+04 2.77664857e+04 1.20409861e+04 2.50419061e+04
 1.63502553e+04 2.65872568e+04 1.57549879e+04 2.36086114e+04
 2.62917942e+04 1.10008999e+04 4.20637858e+04 4.90876967e+04
 2.77339543e+04 3.66056999e+04 1.83817024e+04 2.29575745e+04
 3.34419129e+04 2.25110858e+04 4.75912486e+04 1.86173830e+04
 3.88790239e+04 4.30866664e+04 2.05954850e+04 3.22128697e+04
 3.21479647e+04 1.43304984e+04 1.50090516e+04 3.98497519e+04
 1.22132450e+04 2.19272288e+04 3.70922792e+04 4.51951003e+04
 2.23169828e+04 2.46688261e+04 1.58300087e+04 2.76322826e+04
 1.36118509e+04 2.91599187e+04 2.97012636e+04 5.28888092e+03
 3.47629029e+04 2.42901451e+04 2.99920011e+04 2.43181569e+04
 2.32525946e+04 2.11985904e+04 1.33207759e+04 1.69843291e+04
 8.83761483e+03 2.26341801e+04 1.87663669e+04 2.09551799e+04
 1.30747436e+04 1.59024353e+04 2.61272441e+04 2.17941387e+04
 2.19234412e+04 1.39325782e+04 1.97945749e+04 2.22222715e+04
 1.96018016e+04 3.14301899e+04 1.98077133e+04 1.46444421e+04
 2.70266379e+04 3.56567844e+04 2.62816653e+04 1.97332450e+04
 2.79596789e+04 4.68838407e+04 1.77920223e+04 4.14532401e+04
 9.85418090e+03 2.78395599e+04 2.11519563e+04 1.62098607e+04
 2.68015407e+04 2.02793854e+04 3.46234570e+04 3.80262898e+04
 2.73422880e+04 4.52988478e+04 1.00000008e-08 4.27532280e+04
 2.05512916e+04 2.36388980e+04 1.01387523e+04 2.56615559e+04
 2.57821978e+04 2.44439928e+04 1.79302283e+04 4.28790269e+04
 2.10378075e+04 1.99315083e+04 3.41150073e+04 2.56441193e+04
 1.62364363e+04 2.45553464e+04 1.83813607e+04 1.88472146e+04
 2.20553598e+04 1.83845105e+04 1.43483896e+04 1.39631692e+04
 1.52227432e+04 1.63556501e+04 1.56306455e+04 2.20525634e+04
 2.58865160e+04 2.41557491e+04 2.65333074e+04 1.66095556e+04
 1.90744049e+04 2.22320212e+04 3.14733738e+04 1.48548305e+04
 3.11018968e+04 2.41476903e+04 1.41427386e+04 1.41221445e+04
 1.18525899e+04 2.91695620e+04 2.50957951e+04 1.97098031e+04
 2.96011737e+04 1.32482463e+04 4.03408525e+04 2.20640032e+04
 3.85282276e+04 4.73994668e+04 3.89903656e+04 2.01743871e+04
 2.04695547e+04 2.31394008e+04 6.11759761e+04 2.05688889e+04
 1.38572668e+04 1.09999843e+04 2.02338439e+04 2.24074084e+04
 2.23316349e+04 2.22177635e+04 1.95746389e+04 2.54965251e+04
 1.41197278e+04 1.89837476e+04 1.74099126e+04 1.53154343e+04
 1.36850220e+04 1.81543049e+04 2.34175912e+04 2.30056720e+04
 1.51355557e+04 1.06489155e+04 2.35432973e+04 1.99713147e+04
 1.72161327e+04 2.18085876e+04 1.81679867e+04 1.19411525e+04
 2.41691699e+04 2.72938965e+04 3.30761522e+04 2.74456992e+04
 3.18647844e+04 1.74811138e+04 2.06826006e+04 2.01440881e+04
 2.91914972e+04 2.06328178e+04 2.25679255e+04 1.71446909e+04
 1.75507901e+04 2.17511491e+04 3.86970994e+04 1.78923242e+04
 1.74712450e+04 3.03202522e+04 3.57438992e+04 2.29651468e+04
 1.06772251e+04 1.65262728e+04 1.44636944e+04 1.87828339e+04
 3.19339970e+04 1.78599835e+04 2.27310558e+04 2.83634624e+04
 1.51343870e+04 2.15208838e+04 1.77603618e+04 1.92992133e+04
 2.74388279e+04 2.21876898e+04 2.03876901e+04 2.65977604e+04
 4.65781547e+04 2.07810108e+04 2.08315245e+04 1.63162473e+04
 9.35051601e+03 3.00856315e+04 2.81821443e+04 2.23686229e+04
 3.91171086e+04 1.34261692e+04 2.51342810e+04 1.36830025e+04
 2.80999255e+04 1.60790315e+04 1.54697127e+04 2.03665043e+04
 1.50630928e+04 2.08848893e+04 9.52052931e+03 1.19742451e+04
 1.53900181e+04 2.78703551e+04 2.49615805e+04 1.75276514e+04
 2.01377146e+04 1.26091923e+04 2.92739273e+04 1.91009384e+04
 1.05717174e+04 1.65733230e+04 2.58691791e+04 2.01103227e+04
 1.86968325e+04 1.40671000e+04 1.90247535e+04 2.19651039e+04
 2.03770865e+04 1.82124399e+04 1.49101483e+04 2.01929454e+04
 1.20556733e+04 1.55014237e+04 2.07570415e+04 1.92721237e+04]
--- 3.03525805473 seconds ---
